Horse 268.288 491.237712 386.388992 564.2411519999999
Horse 268.288 294.06028799999996 387.75500800000003 367.06372799999997
Horse 269.652992 190.354848 382.29299199999997 271.54521600000004
Horse 273.748992 392.30750399999994 386.388992 470.086992
Horse 393.216 191.7192 507.22099199999997 272.90956800000004
Horse 393.216 292.695936 507.22099199999997 374.56848
Horse 395.947008 392.30750399999994 508.587008 468.72264
Horse 400.043008 493.966416 507.22099199999997 566.9698559999999
Horse 516.779008 191.7192 629.419008 272.90956800000004
Horse 520.192 289.96641600000004 630.784 370.474608
Horse 521.556992 395.7192 633.515008 468.72264
Horse 527.019008 492.602064 629.419008 561.5116320000001
Horse 641.024 194.447904 753.664 274.27392
Horse 642.388992 390.94315200000005 756.395008 470.086992
Horse 643.755008 491.237712 755.028992 566.9698559999999
Horse 646.484992 294.06028799999996 755.028992 365.699376
